751
1130
423
683
1231
475
741
17
589
1015
125
222
132
1204
310
408
1043
13
1272
331
841
1306
446
183
1079
467
949
385
459
1144
547
834
415
95
1029
823
135
900
627
376
1134
438
811
516
533
332
830
117
1062
1044
730
555
350
599
754
926
559
378
499
658
361
1310
894
1235
91
510
297
1337
620
207
165
89
916
491
179
50
799
801
652
231
418
77
922
412
983
0
1230
883
539
587
468
565
414
777
452
371
305
1123
52
170
967
514
611
344
629
370
493
282
413
57
1343
523
1114
465
29
918
193
542
1273
610
92
199
234
825
136
276
694
711
872
74
2
766
693
1288
277
847
509
292
1286
419
67
1242
696
731
606
484
18
49
383
863
670
1243
1012
400
9
291
835
865
613
621
653
1113
1184
662
661
10
1086
209
810
716
471
1203
42
838
878
14
1081
578
33
1102
927
612
1159
368
494
1321
893
1030
564
664
772
140
59
755
392
792
437
623
68
1034
979
1070
351
723
440
312
429
338
637
1087
64
431
1155
463
702
88
403
286
1219
760
129
254
1186
4
349
598
119
522
75
782
1285
684
743
203
319
358
681
990
736
230
236
123
115
1164
790
396
1147
450
374
267
79
81
1290
964
709
1259
210
330
61
553
216
445
185
704
407
343
975
498
818
635
239
506
1274
90
406
695
802
566
1145
73
215
638
718
114
903
221
340
675
294
1005
965
28
145
417
1218
814
570
551
93
191
586
1045
229
981
769
750
1170
116
194
846
607
275
597
421
758
181
532
315
563
726
388
262
20
959
596
576
405
375
891
225
466
1220
311
786
243
803
66
882
178
147
198
313
161
1013
643
550
980
824
483
54
862
402
1315
771
647
1191
816
685
1143
314
866
19
1179
253
579
137
1122
148
127
469
1291
753
574
110
1322
223
256
248
706
255
609
1063
854
1320
1323
474
317
184
451
113
767
153
619
1267
682
47
232
462
200
268
581
284
224
1119
327
698
1175
171
779
273
201
486
84
948
345
1250
805
666
241
543
601
260
83
715
840
318
122
1185
322
591
1071
839
130
798
329
526
879
32
430
703
521
257
659
387
707
51
1047
956
367
1338
725
182
233
1311
96
35
476
439
994
1229
1307
594
795
650
287
320
219
155
43
974
266
39
1068
837
1249
1023
60
482
557
373
163
763
339
131
101
399
895
473
228
82
1031
690
424
333
1167
870
1190
747
106
807
